# Void_ID, X_c, Y_c, Z_c, N_particles, R=(abc)^(-1/3), a, b, c, vector_a, vector_b, vector_c 

0, 45.502194847156076, 45.97916301975256, 44.60842482471068, 655, 35.56396049449626, 54.479048101441585, 34.382282912521305, 24.01409018091641, -0.7477438215070938, -0.514338451449757, -0.41992277237396086, -0.6614421883030789, 0.6323180396298151, 0.4033213709829196, -0.05808105483547231, -0.5793357007115767, 0.8130170582160163
4, 34.412909412922474, 16.245208554817296, 75.37506533195531, 150, 20.80628696144825, 24.61058433011552, 21.321520298808444, 17.164994102625126, 0.9272234309531363, 0.3150462683517998, -0.20249088347157823, -0.32727910420859296, 0.94447734826856, -0.029170645450697547, 0.18205794967513778, 0.093318740910898, 0.9788495878095315
7, 74.27798316802905, 57.14306124142978, 4.381500961082086, 7, 4.426730173646122, 5.393635244161991, 4.4095630278925375, 3.6473045209936203, -0.9995876794531975, -0.00669975177216552, -0.027921038869694815, 0.011132174031274806, -0.9867674557595507, -0.16175927471140727, -0.026467825500200288, -0.1620033999026412, 0.9864351740653189
10, 30.08398394094588, 42.91603080254754, 12.141986616296249, 5, 3.413074146473518, 8.045178158249072, 4.628361413045898, 1.0677614549770256, 0.3734339149920733, -0.019482900937930574, 0.927452170036135, -0.8148511510000922, 0.47093662337257325, 0.3379886070273141, 0.4433561918452455, 0.881951876996405, -0.15998804272507428
11, 28.230584974399306, 28.965117400966495, 61.12273865899906, 5, 1.7162589772875751, 7.165353347794537, 2.948468214586839, 0.23928440975883125, 0.2843244953931372, 0.8965822325456574, 0.3395583625871738, 0.8858053028437607, -0.38115705208602996, 0.2647041123574785, -0.3667540685163713, -0.22552073503013434, 0.9025695825243374
13, 20.59850626182498, 44.11378266832709, 91.2839138826776, 14, 6.191329460422198, 8.517797178367529, 6.071464185202064, 4.5891368877967755, 0.3474534755258408, -0.9102296864034799, -0.22529536243526305, -0.39069771841937034, -0.35894393818286013, 0.8476523710010357, -0.852426756482287, -0.20649737826810688, -0.48034098055598584
14, 16.52642776519843, 73.72438854394747, 50.03532715223248, 20, 9.036709979013798, 10.16201592887807, 9.54819616243233, 7.605536048558825, -0.5672561886917258, 0.4383559401945675, 0.6971832514390129, 0.40374834757517475, -0.589819855387175, 0.6993567115724048, -0.7177796933748216, -0.6782010084681299, -0.15759347667831478
15, 11.257702506313743, 48.07375561676031, 67.6711118363498, 6, 4.90027492206727, 6.845307651732952, 5.146196348051719, 3.3402733951022587, 0.5490153256858723, 0.6115443646102622, 0.5697329745376043, 0.3465653896007236, -0.7868553622523745, 0.5106379046110691, 0.7605751789882016, -0.08289830521859394, -0.6439357639539446
19, 34.00774205187631, 81.24755187229954, 79.74104765816622, 11, 8.458420859384203, 11.204127768780749, 7.660637197831195, 7.050581269982003, -0.8315200537096827, 0.35066785263220146, 0.43082067894771153, -0.11859533131301139, -0.8697475425126108, 0.4790348209514956, 0.5426873387774986, 0.3472337388900953, 0.7648000934276888
23, 8.734147779986934, 76.26990549150047, 30.918113779146406, 12, 9.281039965271042, 14.719489493836615, 9.882033837279371, 5.496052136307891, -0.25247579000809983, -0.7751185783232518, -0.5791780080406425, -0.9602495633829573, 0.2743694867858626, 0.05140195272265516, -0.11906616430634588, -0.5691331779636492, 0.813578929335299
27, 60.774577513534595, 82.56577626045173, 9.844470175732647, 5, 4.83718085104651, 6.646380534383429, 4.886800465250906, 3.4847142026580684, -0.041554299063619606, 0.25689627836685974, 0.965545204736986, -0.78877281227954, -0.6016073457903833, 0.1261191979822101, 0.6132786404546932, -0.7563550116528001, 0.22763217151741946
28, 42.90526735333492, 1.6627629992322985, 32.29568292256619, 6, 3.6780651219217333, 9.181472341869156, 3.8460746299372333, 1.4090558445901136, -0.6878199876947245, 0.08971553411692301, 0.7203157553918589, 0.7131279202517192, -0.10168021890846105, 0.6936207194426829, -0.13547041701082083, -0.9907634712790148, -0.005959034659339434
33, 7.051160300891587, 66.77854123001173, 84.10813303980163, 7, 4.5168179075326815, 8.613566364682203, 4.544470807531187, 2.354135333403805, 0.940155449669577, -0.1340934566139549, -0.3132517762917185, -0.2102571255284688, -0.9517241407863637, -0.2236360905778929, 0.26814114123181654, -0.27611610734938946, 0.9229627422822221
37, 87.33939469520848, 54.46368649903037, 97.20990433174396, 8, 4.728408544435592, 7.394669737770853, 5.596396233904213, 2.5545696165413765, 0.7374842628903227, 0.6471307251827368, -0.19323246754513773, 0.6247437569871022, -0.7623698151433907, -0.16878241337258124, 0.2565388861259787, -0.0037535959688900582, 0.966526621683306
38, 16.981873331783014, 68.53653221509526, 32.87503027695176, 7, 6.965322658542916, 10.230359928299684, 7.985001780700841, 4.136735821646465, -0.8966946790856171, 0.02891969897686066, 0.4417038640431276, -0.4239031619320676, -0.3434241022958757, -0.8380727863773332, -0.12745494028689933, 0.9387350728365057, -0.3202057170368812
42, 71.23229132098045, 74.82641358213853, 6.308637412345353, 6, 3.641808504371979, 6.5226464801162205, 4.209720578794584, 1.7590338866112187, 0.25465497989081176, 0.9340353291277694, 0.25045727212039537, -0.4374302381066958, -0.11972298832484306, 0.891246987572182, 0.8624416664370584, -0.336518067877118, 0.37808724123609516
43, 43.450418015951946, 21.075752848731533, 59.98145861958291, 5, 2.2643051203610405, 4.144942926602334, 1.996613874736324, 1.40278853015693, 0.4823519026821699, -0.27058127358679773, 0.8331400940796433, 0.4194849171268985, 0.9063014737524331, 0.05147856813477742, -0.769005231634955, 0.3246589180329316, 0.5506610033947886
45, 11.587827821463508, 98.04475970824235, 12.125224726046792, 5, 4.810279803693774, 9.449087242138441, 5.137501660426999, 2.2928158919033894, -0.9956915330271392, 0.005492018634377025, -0.09256461953351822, -0.06968435405370182, 0.6142609029331397, 0.7860201231061978, 0.06117566393741607, 0.7890838870862101, -0.6112316723491458
52, 33.891753862546985, 97.91525913700076, 82.13492574825588, 8, 3.4842300470016014, 7.740442109923686, 3.974943006822945, 1.3747502014079056, -0.9551772794851603, -0.1805642580366012, 0.23459094926066473, -0.2883371125692866, 0.38792438493465, -0.8754292553303664, -0.06706768424908284, 0.9038314114328873, 0.4225999354433223
53, 57.379817782889226, 81.16140110858483, 50.23767354304435, 7, 4.805161482892219, 8.258141053402586, 4.848686471990575, 2.7708790085587123, 0.06126180636696756, 0.38927092646871875, 0.9190838573747454, 0.3119587321095932, -0.8821505688420894, 0.35283441350320843, 0.9481185266311545, 0.26510096132938366, -0.17547860200322257
54, 23.996697048054415, 56.09415763246682, 6.031745482595359, 6, 2.2223444393237863, 4.745277878498377, 3.2715476852377283, 0.7069996651535857, -0.39120952838511874, -0.7360639196407235, 0.5524174246924398, 0.07304335466873026, 0.5735293738405526, 0.8159220095577775, 0.9173983721586991, -0.359546886435133, 0.17060557791400185
55, 82.23360120932563, 16.978200991584984, 51.55722393373263, 8, 5.868468296653803, 8.78900086940747, 6.245812454001581, 3.681678331003506, 0.004768261229803751, -0.23348718094024196, 0.9723481886759614, -0.8428314288648715, -0.5242257897171342, -0.12174770598679056, 0.5381565257454776, -0.8189450883496561, -0.1992899798422664
59, 96.47243986575877, 95.4263611813919, 43.76519246974767, 6, 5.017331494474557, 7.026016729127641, 4.947315587450129, 3.6336207171376147, -0.46509150000453703, 0.8442073489989524, -0.2664654734101412, 0.03454043087079176, 0.3180773881769826, 0.9474353454277337, 0.8845885231330947, 0.43144029369852577, -0.17709437516347085
60, 44.09600383177117, 91.91413380042448, 43.47035707237809, 5, 3.1994757627679746, 5.212561310824525, 4.031215611891409, 1.55865239143728, 0.3940286926765603, -0.031071786897060402, 0.9185727697937843, 0.47214072642387306, 0.8643223662904532, -0.17329160851584505, -0.7885585100672863, 0.5019774807589432, 0.35523806807740416
61, 28.3922710154531, 82.5561675321064, 88.84143910997328, 6, 4.705324626667258, 8.356315566668307, 4.52757132515015, 2.7535225729836124, -0.9925037123886356, 0.12168149929876901, 0.01140147460552369, -0.07622220374898404, -0.6892246867876436, 0.7205272422178934, 0.09553301288258989, 0.7142569172579836, 0.6933328923386636
65, 62.73882757017903, 21.633488377936423, 74.39010307452774, 8, 4.435027256889727, 7.865991714737787, 5.780565215731593, 1.9185145179254175, -0.7650133661902275, 0.6330378341058471, -0.11839615762715852, 0.611164395806184, 0.6556524894749375, -0.4433936110773123, 0.20305819572023845, 0.4115615550994712, 0.8884731034279801
66, 2.98451712275791, 51.594047181415235, 97.52940357213978, 5, 4.14607060590031, 5.9766034331309585, 4.529981008590497, 2.6324447188306763, -0.9153002043808695, -0.3512553064900859, -0.1970919722436566, -0.38665102523687844, 0.6292200258398651, 0.6742278129574235, 0.11281188121651656, -0.6933266681331646, 0.7117384426260501
68, 15.76364292777537, 65.88784861215818, 78.60061710851154, 6, 3.864454721116158, 5.8108191204275, 4.661406787958681, 2.130641139113321, -0.6182272116449743, 0.46752547472355, 0.6318346660845694, 0.3806326078518339, -0.5252353449620599, 0.7610825515293973, -0.687687380007509, -0.7110188203466243, -0.146759342092089
71, 62.39165514697569, 45.414920016676184, 15.716693119051298, 6, 4.235051925353263, 5.8742266456726355, 4.29471334283395, 3.0108653808044687, -0.18896711774943165, -0.36038263486356664, 0.9134636199095536, 0.8882552086440507, -0.45934331391453154, 0.002530667645126464, 0.4186813976357046, 0.8118670312623913, 0.40691253461033144
72, 94.6282902401736, 25.719274626651746, 91.79225073567933, 5, 4.6485455635943635, 7.490856758355475, 4.915276954873731, 2.7281722707290377, -0.12119408196002902, 0.5856078842114278, 0.8014832502599668, -0.8202514732424536, -0.5138042291089591, 0.25138165166402404, 0.5590165607041081, -0.6269518483098709, 0.5426157616208606
73, 53.96304833925694, 13.37446775625397, 50.999480760524335, 6, 3.4433726702048153, 5.714339654304666, 4.153932538796824, 1.7199926638543934, -0.9798246400461899, -0.019457662841439356, 0.19890971347599715, -0.009996805824235393, 0.998775205749037, 0.0484577367845537, -0.19960896430688396, 0.0454916227202043, -0.9788190709373288
74, 50.81133321631086, 79.3965534794842, 3.0126110579029435, 7, 5.856242801212686, 9.098684688860109, 8.191282025784915, 2.6948011820785007, -0.9990883854913598, -0.04002511473408519, -0.01484547630732327, -0.04267632872512661, 0.9277853960407049, 0.3706656038265991, 0.001062517205935772, -0.3709612501112694, 0.9286477383664223
78, 67.6241657175315, 20.765628618397184, 61.032470873908174, 15, 6.392225802917676, 11.231113586602254, 5.803568639913437, 4.007175641762787, 0.6407660280529335, 0.20274371474201025, 0.7404821965624006, 0.36887359019625104, -0.9271802453962503, -0.0653380976358908, 0.6733135760914042, 0.3150107596250647, -0.6688924050783089
84, 3.242273825491528, 6.555344673764913, 37.492904318151155, 6, 4.449183535878505, 7.926818242786942, 3.9455709613468377, 2.8159971152010437, 0.2656213439772574, 0.962847441817533, 0.04868372838174933, 0.3456765136357227, -0.14225886408525393, 0.9275075005140525, 0.8999739160355522, -0.22953696733773776, -0.3706207375215627
89, 49.47657672782254, 65.97877085213877, 78.60623900867884, 7, 4.713477588619045, 11.210842850121015, 3.5933033764537305, 2.599514169747284, 0.07999968134069152, 0.9647541283480546, 0.25069807103520614, 0.7565568999579884, 0.10498788595359157, -0.645444963516607, 0.6490159536647346, -0.24130274685212594, 0.7214923951437562
90, 4.105915618671317, 78.86191897479472, 40.854936199622976, 5, 3.6447901643520635, 9.179002183972658, 2.750354154913462, 1.9179332922617183, -0.4734798022121467, 0.6329758375267255, -0.6125018089805832, 0.8425127592193169, 0.5282738261376768, -0.10535186363094337, -0.25688349002962246, 0.565922568665715, 0.7834172061073206
91, 78.5427223000444, 96.40808851900545, 3.6569224095260844, 5, 3.946194298264937, 5.904059656567471, 5.117213270185762, 2.034000895042528, 0.29748407283468414, -0.732838384506341, 0.61192411997226, -0.8907354418042429, 0.01766199156187608, 0.4541788488776952, -0.34364749253193877, -0.6801734751136685, -0.6475109610101644
95, 4.1028069262221685, 7.842926725929711, 4.266035831535892, 9, 4.446711171269226, 6.608158480459986, 4.3045047763130695, 3.091100465239654, 0.3667584825430313, 0.45702925161973895, -0.8103162830936043, 0.7143042476599565, 0.41970023241041304, 0.5600188895828325, -0.5960349463392877, 0.7842040411006221, 0.17252931537502963
106, 42.05672152605048, 64.97150792039217, 19.896766856388474, 5, 2.8675095848966317, 5.905409652806915, 5.415384458249799, 0.7372848515955688, -0.11338603117166537, -0.059126728754263606, 0.9917901178585912, 0.11931621667382836, -0.9918137631625095, -0.04548735692547415, 0.9863606076753988, 0.11317901372710898, 0.11951260384568947
109, 23.53456268109941, 24.410153716514518, 11.183753540633218, 5, 4.046210302424925, 7.564577244054618, 5.022240621100553, 1.74366550628776, -0.5641964390349068, 0.13280824463039023, 0.8148891632231497, 0.8241828956955366, 0.031970487129187916, 0.5654205889385729, -0.04904011239027293, -0.9906259930523309, 0.12749591862421525
111, 83.71591914487185, 16.64809339506513, 63.18006882387978, 7, 5.583909253291998, 8.640892266628873, 6.829665434283517, 2.9502378837043013, -0.6374496593878249, 0.7072240325778547, 0.30576477804132957, 0.7676970839025955, 0.5492130778413191, 0.33016084337110035, -0.06556766820466886, -0.44519564561255803, 0.8930295168771412
117, 86.6082872593884, 1.9553151126420911, 49.628907029539356, 5, 3.0094155522778334, 5.421035058734731, 3.4585273830915653, 1.4536941694012646, 0.29284479882733344, -0.4246338215043384, -0.856696002928927, 0.7129796408802074, 0.6939793958271951, -0.10026280395865457, -0.6371043521198944, 0.5814453678566387, -0.5059835261230823
122, 74.83920430007399, 53.90102252293275, 30.551400560949634, 10, 4.139794110269396, 8.02272384382106, 4.126865308264253, 2.142861435351913, 0.2909628495232195, -0.3281926244730155, 0.8986824920064053, -0.6593034819944291, 0.6118978821031568, 0.43692093164289214, -0.6932961407849827, -0.7196322554744089, -0.03833898868599112
123, 92.18500540486255, 38.46000951368412, 1.5300537723484038, 5, 3.0584854903129837, 7.944412471564189, 3.239418347062689, 1.1117072846342657, -0.22689696788030017, -0.968317950415973, -0.1042981920693519, -0.9680056541384078, 0.21243946100612487, 0.13354598070889462, 0.10715791861920135, -0.1312624177349955, 0.9855391205667913
130, 88.8637622383959, 55.999116034635996, 13.215019003485908, 7, 4.7967130455707565, 9.607670000798986, 4.340141395575571, 2.6467276778556403, -0.5584578653605207, 0.6718458777567904, -0.4865674970219222, 0.8294448487214384, 0.46079731279270586, -0.3157326075217627, -0.012085344283075962, 0.5799042619814319, 0.8145949861061816
135, 25.341376104478993, 42.13006382492459, 85.91883100007976, 5, 4.3212723258316545, 6.175631818940067, 5.208854089292487, 2.5084839158178944, 0.5500899870569335, 0.009954895341517474, -0.8350460503459927, 0.3367839886444759, 0.9123657208222157, 0.2327344763056735, -0.7641842389976521, 0.4092550445960296, -0.4985305981986272
136, 19.546681063367572, 86.62212792565104, 19.34856338499915, 5, 4.311220757738727, 6.7773395747803935, 3.621639801008009, 3.2646474181307856, 0.3041329577849306, -0.18804380412106586, -0.9338857915830328, 0.6382511170541445, -0.6875422432134014, 0.34629636927958213, -0.7072048186827669, -0.7013737887380472, -0.08908508799519607
139, 96.51117507385842, 18.234187113794224, 86.16213442349094, 5, 2.92082252149994, 4.742865897084662, 3.4572516789542864, 1.519650315116318, -0.5394449178526025, 0.8342843064612967, -0.11388097556392947, 0.8163066229338308, 0.5513344671398841, 0.1722608565459509, -0.20650103621377702, 3.6550970351541124e-05, 0.9784463811096972
144, 90.16429040601597, 74.7999292273056, 84.91660734931806, 5, 2.749351497687223, 4.0327104109917205, 3.816547547327007, 1.3502776737358213, 0.7397028884081551, -0.6578209144814253, -0.14181424946546792, -0.2688357018876574, -0.48206619473417245, 0.8338702232872245, 0.6169011284405331, 0.5786914794303926, 0.5334315039097899
145, 50.664108230632834, 55.054784242170555, 77.1123551640478, 5, 5.669029622962487, 6.767314534774301, 5.761704612874048, 4.672602396224824, 0.6948429773257417, -0.42757610288377385, -0.5782490061416649, -0.6230835192946047, -0.7594302019797378, -0.18717023348936768, 0.3591102405175174, -0.49035134807986314, 0.7941003655657838
149, 5.425427616242992, 46.43449875435471, 77.87579508091746, 7, 5.002405967777001, 8.21489323516228, 4.659950375708042, 3.270043921896127, 0.44081580986276225, -0.8970924336248584, -0.030109588307815665, -0.5154339625791458, -0.2804530241013433, 0.8097369520358888, -0.7348532179932241, -0.34142534587438134, -0.5860200348107237
150, 48.69843173938446, 2.5478096830034827, 39.26867845355337, 6, 4.271791516169447, 9.252389425784315, 3.695370124756493, 2.279913129819376, -0.9662916980507471, 0.13891056461785511, -0.2167584123298395, -0.05814258395687356, 0.702444559551031, 0.7093596271905922, 0.2507983138081714, 0.6980512128738876, -0.6706897270692854
160, 98.00594879942737, 66.88892720984025, 57.640379564248136, 5, 4.729037374216871, 5.802785849070033, 4.879407608491236, 3.7352063273279343, -0.2762661893771193, -0.5992118579711488, 0.7514134293941049, 0.039055114052999086, 0.7741965158426898, 0.6317392285772248, 0.9602872959033422, -0.20387472654501249, 0.1904820338059295
165, 69.2965742219437, 97.9480349291984, 77.39068491497991, 5, 3.721934381586184, 10.530638524320777, 2.983439653162842, 1.6410967047408336, -0.7061324340584042, -0.12923107202338452, -0.6961869832124414, -0.7015348183532684, 0.2610566881692758, 0.6630975073095482, -0.09605146645835362, -0.9566340656624011, 0.27500069128172133
167, 90.3985205978277, 60.47119450192828, 90.37084747191236, 5, 4.400123683921719, 7.666679377812153, 5.581712308201408, 1.9907645714568183, 0.7658122721972143, 0.2894304105388979, -0.5742487276498092, -0.4726771980732251, 0.8588191701223271, -0.19749911253482255, -0.43601356650199075, -0.42268152370985274, -0.7945014155686139
168, 74.36477605461361, 15.276416263525311, 94.91689346133631, 6, 5.792408022562725, 7.290763793511761, 5.385441671820074, 4.949747949553833, -0.2932807446058341, 0.8626409031247464, -0.412112942164608, -0.0019892807405100204, 0.43051702062715647, 0.9025802666314237, 0.9560242923721045, 0.26552922100295895, -0.12454631744045491
171, 11.43416814392838, 17.671654456491368, 85.86006212034643, 5, 4.698956884528261, 6.7649278127684545, 4.352879794236364, 3.5234210092373153, 0.30942050993774994, -0.15611538232088104, -0.938022886411983, 0.7084688492398012, 0.6958256149477311, 0.11789233749249246, -0.6342955444323218, 0.7010383020815737, -0.32590560186638173
185, 76.24949669499108, 10.06966743246789, 51.270791627944355, 5, 4.974428673814346, 6.222667029622408, 5.022954697364633, 3.938164021481814, 0.9333429253392468, -0.21178117406098262, -0.2898615497656231, -0.22576204624971485, -0.9740628448219992, -0.015266722320630031, -0.27911016139209055, 0.07968882387527867, -0.9569468162636083
198, 31.572810364965857, 9.673982679480936, 42.8408080395491, 8, 5.3224048754024915, 10.195158535760267, 7.091902405663054, 2.085292545920943, -0.8946535086316245, 0.010849436753826033, 0.44662891668055754, 0.44487415281921155, -0.0701397164074395, 0.8928423199735063, -0.04101326183702808, -0.9974781751519222, -0.05792410939391873
199, 29.123876329859414, 47.01905837579345, 72.70142226686491, 9, 5.3700676838368615, 7.546357081814336, 5.269519542309689, 3.894313477751066, 0.2084317477646726, 0.9420155736665512, -0.26298833718140846, 0.7205828653697263, -0.3297218560742705, -0.6099539587235194, 0.6612991309984597, 0.062371119892275104, 0.7475247840333226
200, 69.37713416971455, 76.30765970575656, 50.880293517184114, 5, 5.004514695867984, 6.179893676069533, 4.934356838359885, 4.110307848395861, 0.592449302213247, -0.6044965309867012, 0.5325295938556663, -0.7066853791254898, -0.07259645026999871, 0.7037936702887136, 0.38678107404228007, 0.793292946794083, 0.47019857648599955
206, 52.042686562315566, 10.781628978706006, 53.65408894943128, 5, 3.677877207918423, 7.241625937177914, 5.744443145245499, 1.1959352126628104, -0.3261699335779656, 0.813309019683724, -0.4818107646481604, -0.45726578803933454, -0.5818312144078804, -0.672592326026262, -0.8273579476372438, 0.0009361846776402298, 0.5616742383621821
207, 41.473974238453295, 41.51396420952344, 74.54162042838878, 6, 4.557386749983187, 9.426116704860583, 3.7598679938066226, 2.670805402977077, -0.011529503395808105, 0.4659265345486012, 0.8847482890376095, -0.20983605622849155, -0.866232991513729, 0.45344154410425325, 0.977668604414563, -0.18042413590400727, 0.107755422719105
209, 63.38476612253858, 9.779935161006943, 35.490257496852465, 5, 4.212219349934326, 10.02221220462155, 4.706182191077891, 1.5845305119968462, -0.7804324493853199, -0.6251422794453918, 0.011059945580775837, -0.6185932074263844, 0.7745873625652135, 0.1317454419712674, 0.09092653997798653, -0.0959768107622142, 0.9912218803696504
212, 63.19872891397366, 71.14418165870548, 87.57772171891989, 5, 2.992685399595818, 5.008157902458696, 3.2690524828034246, 1.637130457410103, 0.7327627615116828, 0.10011615960046549, 0.6730791111961706, 0.48664624504385456, 0.6142694571852265, -0.6211670195318516, 0.47564079674318327, -0.7827194826732119, -0.4013926306215515
227, 92.78277691919111, 75.05551617786132, 87.5450087294718, 6, 4.644752830025151, 7.439728873512107, 4.764393489559977, 2.826982321950151, 0.10068232730221251, 0.20301610039360368, 0.9739853859016492, -0.26841355994520383, -0.9371181513852179, 0.22307785901315827, 0.9580277813333768, -0.28389088277950475, -0.03985896220577089
243, 1.409903134031311, 47.412166709104916, 9.430935740759967, 5, 4.392404878046552, 10.193201912463492, 7.027433464318211, 1.183040809644691, 0.04497608422227897, -0.1573621207285376, -0.9865162516694024, 0.013289425969737737, -0.9873339246971689, 0.1580984259867263, 0.9988996661354059, 0.02022088281709247, 0.04231516149883032
244, 51.93710742890114, 55.290737660973925, 7.78945110777228, 5, 3.705125280388807, 5.756888296245798, 3.5609642488467665, 2.4811514558696284, 0.7648064575734497, -0.15498081562409122, 0.6253415300797177, -0.5036435553153302, 0.4614694681195132, 0.7303349226093652, 0.4017639252636869, 0.8735140964987258, -0.2748797402042019
255, 53.582251085089474, 10.58380112563849, 11.362139028510663, 6, 3.966529643054003, 4.923163009754421, 4.383909547997212, 2.891520741971382, 0.2851945588957451, -0.7880212732748741, -0.5456065766122212, -0.2825407293218235, -0.6130726045218279, 0.7377755199646532, -0.9158792496014709, -0.05625348390159792, -0.39749307628986313
274, 81.90376088856264, 86.18460380242635, 86.75611492420423, 6, 3.8152860496563386, 5.492698238762093, 3.8117844445913787, 2.6525723614926244, -0.6846884786427023, 0.170091633216246, 0.7087104652280588, 0.7112673723379299, -0.056276507936678724, 0.7006651694653799, -0.15906103313331832, -0.9838199992703356, 0.08244875241189759
275, 32.31172941146907, 64.2615032749167, 67.82167824022073, 6, 5.083008432957016, 8.092808868431819, 5.257058928210458, 3.086884370674599, 0.4766172057328321, -0.2674288315105112, -0.8374472277560835, 0.49236873896534616, 0.8703837351806604, 0.0022756147821392527, 0.7282918811088739, -0.4134174326390761, 0.5465134603109175
284, 14.409608063159492, 23.839843454272263, 1.5493329743585869, 5, 4.2496026912422495, 6.949152301877191, 6.317343428312187, 1.748149893707044, 0.3353551266770573, 0.8601446253144822, -0.3843021760984758, 0.9313873882910942, -0.3640240939336089, -0.0019979910183944957, -0.14161381268686063, -0.3572641635798703, -0.9232052022588837
301, 16.720734102007498, 92.06171534625929, 79.73013442513938, 5, 3.1214147212064147, 6.051788415737717, 2.3385584689009797, 2.148930918211331, -0.2603835611416563, 0.7007778660991747, 0.6641617148501382, 0.9547472149823866, 0.28928684812143274, 0.06907152081244221, 0.1437294561687581, -0.6520916361137079, 0.7443912556847915
